-3.288893
-0.267056
-0.059793
-0.071852
-0.132779
-0.184866
-0.273718
-0.356325
-0.363636
-0.351363
-0.364480
-0.343914
-0.332166
-0.312928
-0.313222
-0.296715
-0.331117
-0.308414
-0.315853
-0.308857
-0.311439
-0.306457
-0.323234
-0.301436
-0.294739
-0.299038
-0.309580
-0.301285
-0.301282
-0.295535
-0.283043
-0.280584
-0.295504
-0.276439
-0.277203
-0.275918
-0.272062
-0.273430
-0.266827
-0.269983
-0.256866
-0.258546
-0.258477
-0.248189
-0.253181
-0.249296
-0.241726
-0.238470
-0.230524
-0.230134
-0.225429
-0.228902
-0.231401
-0.227069
-0.220095
-0.216000
-0.219346
-0.221204
-0.216934
-0.216976
-0.215464
-0.207887
-0.204365
-0.209336
-0.204230
-0.202141
-0.199442
-0.194446
-0.199843
-0.192030
-0.191889
-0.189278
-0.183787
-0.185390
-0.186671
-0.187295
-0.185075
-0.177356
-0.174828
-0.175194
-0.172455
-0.174459
-0.173909
-0.169327
-0.166617
-0.164895
-0.163321
-0.164613
-0.162960
-0.162141
-0.161200
-0.163431
-0.153776
-0.155995
-0.151295
-0.151936
-0.152844
-0.145029
-0.150502
-0.145847
-0.146974
-0.145076
-0.141875
-0.141339
-0.138482
-0.140151
-0.135648
-0.134202
-0.133480
-0.134613
-0.131925
-0.130309
-0.131134
-0.127604
-0.129401
-0.127554
-0.124703
-0.124343
-0.122269
-0.124267
-0.122309
-0.120555
-0.119326
-0.116440
-0.117126
-0.117300
-0.117094
-0.114114
-0.115643
-0.114604
-0.113844
-0.113128
-0.112781
-0.109773
-0.107658
-0.106395
-0.107276
-0.105760
-0.105573
-0.105482
-0.106191
-0.103241
-0.103400
-0.104537
-0.101482
-0.101580
-0.099546
-0.098808
-0.100205
-0.097356
-0.097966
-0.099482
-0.096071
-0.095513
-0.091916
-0.097300
-0.094331
-0.093363
-0.092756
-0.093271
-0.091622
-0.090227
-0.088309
-0.089345
-0.089790
-0.090089
-0.088520
-0.088436
-0.086377
-0.084494
-0.086137
-0.084395
-0.083357
-0.084612
-0.084513
-0.082215
-0.084687
-0.082234
-0.081473
-0.079321
-0.081282
-0.081453
-0.080160
-0.078629
-0.077935
-0.077386
-0.078601
-0.078274
-0.077321
-0.076295
-0.078096
-0.073876
-0.075105
-0.075272
-0.073330
-0.073698
-0.073772
-0.073542
-0.073242
-0.073311
