-7.518937
-0.555207
-0.131687
0.849213
1.911940
1.643582
1.050655
0.464402
0.484792
0.035328
0.042509
-0.598994
-1.028583
-1.258798
-1.115590
-1.561073
-1.659988
-1.967937
-1.984310
-1.907769
-2.076699
-2.241085
-2.187913
-2.295661
-2.306607
-2.206210
-2.322253
-2.390241
-2.358997
-2.345639
-2.240200
-2.269180
-2.192901
-2.274071
-2.367907
-2.338545
-2.104604
-2.155715
-2.005997
-2.153412
-1.967610
-2.056272
-2.241021
-2.089567
-2.079443
-2.058967
-1.975153
-2.116762
-2.086970
-2.106252
-2.037958
-1.869196
-2.090540
-2.108051
-2.002034
-1.911551
-2.076742
-2.008236
-2.045074
-1.946936
-1.972274
-1.991663
-2.064258
-2.009808
-1.987894
-2.132167
-2.060998
-2.087710
-1.998440
-2.059563
-2.030474
-2.192697
-2.143008
-1.939058
-1.973540
-2.115223
-2.150397
-2.177215
-2.074354
-2.061813
-2.153588
-1.895740
-1.904364
-1.922553
-1.935764
-1.971940
-1.933038
-1.984223
-2.033776
-2.082917
-1.888965
-1.871306
-2.031947
-1.912235
-1.795936
-1.883200
-1.831751
-1.985268
-1.993900
-1.903566
-1.820195
-1.931425
-1.976341
-1.816570
-1.819070
-1.847826
-1.787251
-1.818610
-1.926215
-1.911278
-1.884085
-1.868935
-2.053048
-1.969497
-1.999594
-1.862506
-1.956138
-1.917693
-1.923883
-2.035730
-1.955212
-1.985529
-1.981078
-1.912727
-1.708559
-1.928391
-1.953165
-1.864213
-2.044229
-1.905167
-1.770884
-1.820584
-2.064071
-1.895919
-1.884864
-2.030402
-1.934859
-1.972260
-1.831261
-2.016125
-1.933592
-1.893997
-1.948102
-2.046369
-2.064979
-1.924571
-2.041934
-1.963142
-1.893365
-1.836669
-1.835752
-1.871427
-1.958546
-1.886638
-1.929116
-2.012125
-1.933766
-1.974343
-1.925005
-1.907811
-1.956357
-2.018290
-1.881010
-1.786078
-2.129892
-1.933092
-1.975893
-2.001119
-2.023369
-2.071712
-1.964159
-1.887070
-2.010676
-1.995493
-2.041659
-2.039882
-2.032462
-2.000641
-1.934968
-1.848998
-2.133401
-2.062003
-1.866834
-1.875468
-2.031313
-2.032626
-1.996149
-2.033553
-1.944454
-1.990701
-1.995301
-1.966291
-2.062035
-2.000454
-2.069548
-2.328259
-1.963185
-1.957965
-2.105595
-1.986382
