-3.819778
0.063365
0.914484
1.021492
0.742351
0.700168
0.236848
0.189213
0.067743
0.076804
-0.058173
0.036049
-0.185324
-0.152747
-0.098876
-0.053062
0.026795
-0.108054
-0.244726
-0.122610
-0.347612
-0.467394
-0.620536
-0.637434
-0.880838
-0.880695
-0.982544
-0.984631
-1.048797
-1.175559
-1.295459
-1.267985
-1.291563
-1.422299
-1.473139
-1.483327
-1.567982
-1.599458
-1.539942
-1.512992
-1.526868
-1.611882
-1.498700
-1.473519
-1.398454
-1.510904
-1.482269
-1.482405
-1.513530
-1.463220
-1.536595
-1.643772
-1.583017
-1.586905
-1.477351
-1.458170
-1.511507
-1.443291
-1.391364
-1.457681
-1.392673
-1.420937
-1.480501
-1.456705
-1.523766
-1.446256
-1.509496
-1.465407
-1.388056
-1.380379
-1.413821
-1.445183
-1.352864
-1.346267
-1.386410
-1.319515
-1.392924
-1.363732
-1.328344
-1.291738
-1.350330
-1.257283
-1.442859
-1.254754
-1.318875
-1.394225
-1.436707
-1.372415
-1.366717
-1.348648
-1.311379
-1.298186
-1.225920
-1.326159
-1.356490
-1.350010
-1.246454
-1.231210
-1.256038
-1.261391
-1.224823
-1.289310
-1.202752
-1.212070
-1.258981
-1.189803
-1.220696
-1.288043
-1.254859
-1.183846
-1.206855
-1.206161
-1.190790
-1.242714
-1.257348
-1.226243
-1.233886
-1.241093
-1.260146
-1.255319
-1.150589
-1.232512
-1.195021
-1.172443
-1.133213
-1.222180
-1.248140
-1.235772
-1.228655
-1.153258
-1.186412
-1.211471
-1.147015
-1.204923
-1.245402
-1.139303
-1.097038
-1.294464
-1.231375
-1.280233
-1.250196
-1.246917
-1.194186
-1.152876
-1.109806
-1.155840
-1.195038
-1.244656
-1.137296
-1.297864
-1.130665
-1.191878
-1.119655
-1.050413
-1.149451
-1.031124
-1.137263
-1.163230
-1.112053
-1.062702
-1.130427
-1.169994
-1.162736
-1.101901
-1.185296
-1.089632
-0.985083
-1.058656
-1.083194
-1.100202
-1.062271
-1.117251
-1.181087
-1.095469
-1.119938
-1.128836
-1.128565
-1.105722
-1.125072
-1.044373
-1.061845
-1.080661
-1.188785
-0.983968
-1.078825
-1.031749
-1.073653
-1.064629
-1.035998
-1.002010
-1.066369
-1.002871
-1.083247
-1.049409
-1.039021
-1.021263
-1.008673
-1.066123
-1.054525
-0.991389
