-7.640210
-5.226187
-5.201099
-5.034648
-5.293915
-5.196175
-4.843453
-4.510872
-4.357780
-4.049159
-3.892527
-3.742624
-3.542310
-3.333454
-3.162406
-3.045197
-2.905688
-2.799065
-2.677419
-2.631976
-2.525459
-2.476653
-2.441768
-2.368074
-2.300193
-2.231058
-2.158736
-2.115792
-2.090923
-1.997392
-2.002992
-1.960724
-1.921889
-1.849258
-1.832584
-1.790505
-1.772875
-1.743385
-1.712155
-1.679067
-1.651842
-1.627912
-1.586576
-1.565658
-1.588253
-1.547009
-1.490965
-1.499915
-1.503221
-1.471340
-1.472582
-1.450073
-1.439874
-1.403691
-1.397694
-1.400676
-1.370738
-1.353158
-1.341445
-1.326328
-1.332471
-1.312284
-1.298063
-1.266254
-1.259397
-1.244962
-1.233162
-1.248754
-1.242614
-1.232322
-1.186635
-1.208906
-1.182383
-1.178201
-1.157919
-1.142687
-1.136664
-1.158546
-1.176325
-1.134944
-1.135204
-1.107365
-1.125261
-1.091133
-1.088642
-1.090831
-1.118179
-1.072509
-1.053712
-1.083784
-1.057636
-1.059328
-1.054714
-1.032015
-1.029317
-1.033277
-1.014899
-1.016629
-0.997828
-1.024173
-1.003606
-0.980268
-0.981622
-0.991530
-1.013372
-0.961881
-0.963768
-0.968384
-1.001852
-0.954550
-0.920742
-0.967872
-0.915342
-0.951590
-0.926098
-0.908325
-0.917180
-0.940276
-0.925187
-0.918522
-0.914940
-0.891424
-0.890816
-0.905584
-0.923743
-0.905315
-0.910331
-0.915467
-0.884718
-0.895800
-0.870690
-0.875938
-0.890405
-0.898315
-0.860796
-0.864133
-0.898861
-0.870859
-0.895615
-0.853693
-0.862550
-0.839440
-0.874881
-0.823815
-0.819913
-0.863424
-0.854454
-0.847661
-0.809022
-0.860050
-0.862976
-0.822403
-0.818091
-0.814114
-0.819653
-0.800945
-0.825456
-0.801269
-0.822598
-0.799226
-0.805696
-0.795553
-0.814469
-0.803724
-0.790156
-0.816372
-0.792395
-0.795552
-0.792424
-0.790199
-0.790530
-0.793839
-0.794734
-0.770223
-0.791446
-0.781275
-0.749966
-0.781119
-0.743237
-0.746812
-0.762624
-0.796947
-0.734928
-0.777902
-0.755671
-0.752464
-0.746736
-0.774664
-0.762211
-0.736710
-0.761014
-0.748258
-0.738284
-0.759117
-0.730258
-0.723263
-0.732750
-0.731059
-0.740120
-0.708302
