-15.043184
-13.271070
-11.075782
-0.805340
-0.439720
-1.069753
-0.345738
-0.585407
-1.187432
-1.300317
-1.205266
-0.763051
-0.997114
-0.774768
-0.670781
-0.562632
-0.494205
-0.411358
-0.397507
-0.492588
-0.431911
-0.409555
-0.475233
-0.694414
-0.443041
-0.678976
-0.558002
-0.469242
-0.582114
-0.454816
-0.523174
-0.504400
-0.415264
-0.468757
-0.486632
-0.441235
-0.654496
-0.483277
-0.562668
-0.540683
-0.502005
-0.467488
-0.482186
-0.431253
-0.456457
-0.315581
-0.393948
-0.305148
-0.313611
-0.282721
-0.343939
-0.369300
-0.389842
-0.261069
-0.296032
-0.235917
-0.246445
-0.242527
-0.225299
-0.271506
-0.250801
-0.176512
-0.196123
-0.130079
-0.100837
-0.161620
-0.095292
-0.107061
-0.155893
-0.174089
-0.078683
-0.134857
-0.126769
-0.198476
-0.154967
-0.111215
-0.111277
-0.092502
-0.201915
-0.208456
-0.093646
-0.148833
-0.108731
-0.036606
-0.159759
-0.053642
-0.127867
-0.147662
-0.168243
-0.140713
-0.149027
-0.149372
-0.124777
-0.161516
-0.098456
-0.179135
-0.143616
-0.243459
-0.131059
-0.132942
-0.145375
-0.171751
-0.248016
-0.282767
-0.239792
-0.198486
-0.376620
-0.260976
-0.266165
-0.235423
-0.247881
-0.243160
-0.308582
-0.213434
-0.179445
-0.206834
-0.208752
-0.302192
-0.341722
-0.224529
-0.278741
-0.243093
-0.185330
-0.189138
-0.231732
-0.186900
-0.213102
-0.214816
-0.169421
-0.184671
-0.145131
-0.196487
-0.224654
-0.167903
-0.161275
-0.179033
-0.139092
-0.161229
-0.111509
-0.144265
-0.197093
-0.164507
-0.204996
-0.192779
-0.185228
-0.232476
-0.156605
-0.160091
-0.168664
-0.159353
-0.127761
-0.181747
-0.199618
-0.198800
-0.227143
-0.279094
-0.258056
-0.243573
-0.274899
-0.228317
-0.229854
-0.233811
-0.243053
-0.274028
-0.286112
-0.291935
-0.310010
-0.278040
-0.325652
-0.308464
-0.300957
-0.264595
-0.329149
-0.292590
-0.296409
-0.318889
-0.289176
-0.326215
-0.265914
-0.251923
-0.259303
-0.277186
-0.355214
-0.306790
-0.301596
-0.325990
-0.283397
-0.275263
-0.312170
-0.223631
-0.311064
-0.348004
-0.308772
-0.243894
-0.222375
-0.205013
-0.233851
-0.223521
-0.218239
-0.230760
