-5.908208
-3.502821
-3.263785
-3.071207
-2.954414
-2.805790
-2.556622
-2.347680
-2.152648
-2.060054
-1.957654
-1.838755
-1.733329
-1.671968
-1.644011
-1.535558
-1.527876
-1.459054
-1.359915
-1.353338
-1.276680
-1.260235
-1.208244
-1.168174
-1.144329
-1.127142
-1.077815
-1.045413
-1.030024
-1.036158
-1.002076
-0.991018
-0.965106
-0.926518
-0.935883
-0.927690
-0.905197
-0.890953
-0.864510
-0.861175
-0.849401
-0.837954
-0.824773
-0.839475
-0.803694
-0.816000
-0.817111
-0.788742
-0.780449
-0.785006
-0.759806
-0.757125
-0.755885
-0.732219
-0.736821
-0.733066
-0.719863
-0.753812
-0.708064
-0.711857
-0.710525
-0.700699
-0.711451
-0.687155
-0.679639
-0.680087
-0.675171
-0.667306
-0.660908
-0.649160
-0.666771
-0.654950
-0.648527
-0.642696
-0.662596
-0.643818
-0.635743
-0.633007
-0.628568
-0.622929
-0.635695
-0.623487
-0.619981
-0.611158
-0.610560
-0.602852
-0.590556
-0.599873
-0.592431
-0.574336
-0.587295
-0.593331
-0.601985
-0.589885
-0.559226
-0.576032
-0.578114
-0.569213
-0.565155
-0.589346
-0.542181
-0.564372
-0.562807
-0.555549
-0.563270
-0.544358
-0.537261
-0.537632
-0.531602
-0.541709
-0.540229
-0.528237
-0.532122
-0.535406
-0.522963
-0.543408
-0.530634
-0.539913
-0.529186
-0.506164
-0.522007
-0.510790
-0.502343
-0.509328
-0.505086
-0.500196
-0.519682
-0.493165
-0.491686
-0.499118
-0.485365
-0.494743
-0.489211
-0.497417
-0.486614
-0.481324
-0.486739
-0.471112
-0.480968
-0.476092
-0.473957
-0.467112
-0.480454
-0.472550
-0.474638
-0.472428
-0.474855
-0.459393
-0.480634
-0.476080
-0.458889
-0.468243
-0.466355
-0.458324
-0.476163
-0.455896
-0.449705
-0.455800
-0.442684
-0.452360
-0.442246
-0.435130
-0.447814
-0.442235
-0.432926
-0.438521
-0.436519
-0.434980
-0.433667
-0.439093
-0.445214
-0.437682
-0.443355
-0.428882
-0.424934
-0.424224
-0.427977
-0.428131
-0.443642
-0.429314
-0.418615
-0.433008
-0.428739
-0.429849
-0.414632
-0.419107
-0.394536
-0.428624
-0.399189
-0.404974
-0.414756
-0.415816
-0.383668
-0.415304
-0.416129
-0.417185
-0.418608
-0.403785
-0.390166
-0.388174
